0 0.0314108 0.0627905 0.0941083 0.125333 0.156434 0.187381 0.218143 0.24869 0.278991 0.309017 0.338738 0.368125 0.397148 0.425779 0.45399 0.481754 0.509041 0.535827 0.562083 0.587785 0.612907 0.637424 0.661312 0.684547 0.707107 0.728969 0.750111 0.770513 0.790155 0.809017 0.827081 0.844328 0.860742 0.876307 0.891007 0.904827 0.917755 0.929776 0.940881 0.951057 0.960294 0.968583 0.975917 0.982287 0.987688 0.992115 0.995562 0.998027 0.999507 1 0.999507 0.998027 0.995562 0.992115 0.987688 0.982287 0.975917 0.968583 0.960294 0.951057 0.940881 0.929776 0.917755 0.904827 0.891007 0.876307 0.860742 0.844328 0.827081 0.809017 0.790155 0.770513 0.750111 0.728969 0.707107 0.684547 0.661312 0.637424 0.612907 0.587785 0.562083 0.535827 0.509041 0.481754 0.45399 0.425779 0.397148 0.368125 0.338738 0.309017 0.278991 0.24869 0.218143 0.187381 0.156434 0.125333 0.0941083 0.0627905 0.0314108 0 

0 0.0117074 0.0234033 0.035076 0.0467142 0.0583062 0.0698408 0.0813063 0.0926917 0.103986 0.115177 0.126254 0.137207 0.148025 0.158696 0.169211 0.179559 0.18973 0.199713 0.2095 0.219079 0.228443 0.237581 0.246484 0.255144 0.263553 0.271701 0.279581 0.287186 0.294507 0.301537 0.308269 0.314698 0.320816 0.326617 0.332096 0.337247 0.342065 0.346546 0.350685 0.354478 0.357921 0.36101 0.363744 0.366118 0.368131 0.369781 0.371066 0.371984 0.372536 0.37272 0.372536 0.371984 0.371066 0.369781 0.368131 0.366118 0.363744 0.36101 0.357921 0.354478 0.350685 0.346546 0.342065 0.337247 0.332096 0.326617 0.320816 0.314698 0.308269 0.301537 0.294507 0.287186 0.279581 0.271701 0.263553 0.255144 0.246484 0.237581 0.228443 0.219079 0.2095 0.199713 0.18973 0.179559 0.169211 0.158696 0.148025 0.137207 0.126254 0.115177 0.103986 0.0926917 0.0813063 0.0698408 0.0583062 0.0467142 0.035076 0.0234033 0.0117074 0 

0 0.00436359 0.00872287 0.0130735 0.0174113 0.0217319 0.026031 0.0303045 0.034548 0.0387575 0.0429287 0.0470575 0.0511399 0.0551718 0.0591493 0.0630684 0.0669253 0.0707161 0.0744371 0.0780847 0.0816552 0.0851451 0.088551 0.0918695 0.0950974 0.0982314 0.101268 0.104206 0.10704 0.109768 0.112389 0.114898 0.117294 0.119574 0.121737 0.123779 0.125699 0.127495 0.129165 0.130707 0.132121 0.133404 0.134556 0.135575 0.136459 0.13721 0.137825 0.138304 0.138646 0.138852 0.13892 0.138852 0.138646 0.138304 0.137825 0.13721 0.136459 0.135575 0.134556 0.133404 0.132121 0.130707 0.129165 0.127495 0.125699 0.123779 0.121737 0.119574 0.117294 0.114898 0.112389 0.109768 0.10704 0.104206 0.101268 0.0982314 0.0950974 0.0918695 0.088551 0.0851451 0.0816552 0.0780847 0.0744371 0.0707161 0.0669253 0.0630684 0.0591493 0.0551718 0.0511399 0.0470575 0.0429287 0.0387575 0.034548 0.0303045 0.026031 0.0217319 0.0174113 0.0130735 0.00872287 0.00436359 0 

0 0.0016264 0.00325119 0.00487277 0.00648954 0.00809991 0.00970229 0.0112951 0.0128767 0.0144457 0.0160004 0.0175393 0.0190609 0.0205636 0.0220461 0.0235069 0.0249444 0.0263573 0.0277442 0.0291037 0.0304345 0.0317353 0.0330047 0.0342416 0.0354447 0.0366128 0.0377448 0.0388395 0.0398959 0.0409129 0.0418895 0.0428248 0.0437179 0.0445678 0.0453737 0.0461348 0.0468504 0.0475198 0.0481423 0.0487172 0.0492441 0.0497224 0.0501516 0.0505313 0.0508612 0.0511408 0.05137 0.0515485 0.0516761 0.0517528 0.0517783 0.0517528 0.0516761 0.0515485 0.05137 0.0511408 0.0508612 0.0505313 0.0501516 0.0497224 0.0492441 0.0487172 0.0481423 0.0475198 0.0468504 0.0461348 0.0453737 0.0445678 0.0437179 0.0428248 0.0418895 0.0409129 0.0398959 0.0388395 0.0377448 0.0366128 0.0354447 0.0342416 0.0330047 0.0317353 0.0304345 0.0291037 0.0277442 0.0263573 0.0249444 0.0235069 0.0220461 0.0205636 0.0190609 0.0175393 0.0160004 0.0144457 0.0128767 0.0112951 0.00970229 0.00809991 0.00648954 0.00487277 0.00325119 0.0016264 0 

0 0.00060619 0.00121178 0.00181618 0.00241878 0.003019 0.00361624 0.0042099 0.00479942 0.0053842 0.00596366 0.00653724 0.00710437 0.00766448 0.00821703 0.00876148 0.00929727 0.00982389 0.0103408 0.0108475 0.0113436 0.0118284 0.0123015 0.0127625 0.0132109 0.0136463 0.0140682 0.0144763 0.01487 0.0152491 0.0156131 0.0159617 0.0162945 0.0166113 0.0169117 0.0171954 0.0174621 0.0177116 0.0179436 0.0181579 0.0183543 0.0185325 0.0186925 0.018834 0.018957 0.0190612 0.0191466 0.0192132 0.0192607 0.0192893 0.0192988 0.0192893 0.0192607 0.0192132 0.0191466 0.0190612 0.018957 0.018834 0.0186925 0.0185325 0.0183543 0.0181579 0.0179436 0.0177116 0.0174621 0.0171954 0.0169117 0.0166113 0.0162945 0.0159617 0.0156131 0.0152491 0.01487 0.0144763 0.0140682 0.0136463 0.0132109 0.0127625 0.0123015 0.0118284 0.0113436 0.0108475 0.0103408 0.00982389 0.00929727 0.00876148 0.00821703 0.00766448 0.00710437 0.00653724 0.00596366 0.0053842 0.00479942 0.0042099 0.00361624 0.003019 0.00241878 0.00181618 0.00121178 0.00060619 0 

0 0.000225939 0.000451655 0.000676926 0.000901528 0.00112524 0.00134784 0.00156912 0.00178884 0.0020068 0.00222278 0.00243656 0.00264794 0.00285671 0.00306265 0.00326558 0.00346528 0.00366156 0.00385423 0.00404309 0.00422797 0.00440867 0.00458502 0.00475685 0.00492398 0.00508626 0.00524351 0.00539559 0.00554234 0.00568363 0.0058193 0.00594923 0.00607329 0.00619136 0.00630332 0.00640906 0.00650847 0.00660146 0.00668793 0.0067678 0.006841 0.00690744 0.00696707 0.00701982 0.00706564 0.00710449 0.00713633 0.00716113 0.00717886 0.0071895 0.00719305 0.0071895 0.00717886 0.00716113 0.00713633 0.00710449 0.00706564 0.00701982 0.00696707 0.00690744 0.006841 0.0067678 0.00668793 0.00660146 0.00650847 0.00640906 0.00630332 0.00619136 0.00607329 0.00594923 0.0058193 0.00568363 0.00554234 0.00539559 0.00524351 0.00508626 0.00492398 0.00475685 0.00458502 0.00440867 0.00422797 0.00404309 0.00385423 0.00366156 0.00346528 0.00326558 0.00306265 0.00285671 0.00264794 0.00243656 0.00222278 0.0020068 0.00178884 0.00156912 0.00134784 0.00112524 0.000901528 0.000676926 0.000451655 0.000225939 0 

0 8.4212e-05 0.000168341 0.000252304 0.000336018 0.0004194 0.000502368 0.000584841 0.000666736 0.000747973 0.000828473 0.000908154 0.00098694 0.00106475 0.00114151 0.00121715 0.00129158 0.00136474 0.00143655 0.00150694 0.00157585 0.0016432 0.00170893 0.00177297 0.00183527 0.00189575 0.00195436 0.00201104 0.00206574 0.0021184 0.00216897 0.0022174 0.00226364 0.00230764 0.00234937 0.00238878 0.00242584 0.00246049 0.00249272 0.0025225 0.00254978 0.00257454 0.00259677 0.00261643 0.00263351 0.00264799 0.00265985 0.0026691 0.0026757 0.00267967 0.00268099 0.00267967 0.0026757 0.0026691 0.00265985 0.00264799 0.00263351 0.00261643 0.00259677 0.00257454 0.00254978 0.0025225 0.00249272 0.00246049 0.00242584 0.00238878 0.00234937 0.00230764 0.00226364 0.0022174 0.00216897 0.0021184 0.00206574 0.00201104 0.00195436 0.00189575 0.00183527 0.00177297 0.00170893 0.0016432 0.00157585 0.00150694 0.00143655 0.00136474 0.00129158 0.00121715 0.00114151 0.00106475 0.00098694 0.000908154 0.000828473 0.000747973 0.000666736 0.000584841 0.000502368 0.0004194 0.000336018 0.000252304 0.000168341 8.4212e-05 0 

0 3.13875e-05 6.2744e-05 9.40387e-05 0.00012524 0.000156319 0.000187243 0.000217982 0.000248506 0.000278785 0.000308788 0.000338487 0.000367852 0.000396854 0.000425464 0.000453654 0.000481397 0.000508665 0.00053543 0.000561667 0.00058735 0.000612453 0.000636952 0.000660822 0.00068404 0.000706583 0.000728429 0.000749556 0.000769943 0.00078957 0.000808418 0.000826468 0.000843703 0.000860105 0.000875658 0.000890347 0.000904157 0.000917075 0.000929088 0.000940184 0.000950353 0.000959583 0.000967866 0.000975194 0.00098156 0.000986957 0.00099138 0.000994825 0.000997288 0.000998767 0.00099926 0.000998767 0.000997288 0.000994825 0.00099138 0.000986957 0.00098156 0.000975194 0.000967866 0.000959583 0.000950353 0.000940184 0.000929088 0.000917075 0.000904157 0.000890347 0.000875658 0.000860105 0.000843703 0.000826468 0.000808418 0.00078957 0.000769943 0.000749556 0.000728429 0.000706583 0.00068404 0.000660822 0.000636952 0.000612453 0.00058735 0.000561667 0.00053543 0.000508665 0.000481397 0.000453654 0.000425464 0.000396854 0.000367852 0.000338487 0.000308788 0.000278785 0.000248506 0.000217982 0.000187243 0.000156319 0.00012524 9.40387e-05 6.2744e-05 3.13875e-05 0 

0 1.16988e-05 2.3386e-05 3.50501e-05 4.66796e-05 5.82631e-05 6.97891e-05 8.12462e-05 9.26231e-05 0.000103909 0.000115092 0.000126161 0.000137106 0.000147915 0.000158579 0.000169086 0.000179426 0.000189589 0.000199565 0.000209345 0.000218917 0.000228274 0.000237405 0.000246302 0.000254955 0.000263358 0.0002715 0.000279374 0.000286973 0.000294289 0.000301314 0.000308041 0.000314465 0.000320578 0.000326375 0.00033185 0.000336997 0.000341812 0.00034629 0.000350425 0.000354215 0.000357656 0.000360743 0.000363474 0.000365847 0.000367859 0.000369507 0.000370791 0.000371709 0.00037226 0.000372444 0.00037226 0.000371709 0.000370791 0.000369507 0.000367859 0.000365847 0.000363474 0.000360743 0.000357656 0.000354215 0.000350425 0.00034629 0.000341812 0.000336997 0.00033185 0.000326375 0.000320578 0.000314465 0.000308041 0.000301314 0.000294289 0.000286973 0.000279374 0.0002715 0.000263358 0.000254955 0.000246302 0.000237405 0.000228274 0.000218917 0.000209345 0.000199565 0.000189589 0.000179426 0.000169086 0.000158579 0.000147915 0.000137106 0.000126161 0.000115092 0.000103909 9.26231e-05 8.12462e-05 6.97891e-05 5.82631e-05 4.66796e-05 3.50501e-05 2.3386e-05 1.16988e-05 0 

0 4.36036e-06 8.71641e-06 1.30639e-05 1.73984e-05 2.17158e-05 2.60118e-05 3.02821e-05 3.45225e-05 3.87288e-05 4.28969e-05 4.70227e-05 5.11021e-05 5.5131e-05 5.91055e-05 6.30217e-05 6.68758e-05 7.06638e-05 7.4382e-05 7.80269e-05 8.15948e-05 8.50821e-05 8.84855e-05 9.18015e-05 9.5027e-05 9.81587e-05 0.000101193 0.000104128 0.000106961 0.000109687 0.000112306 0.000114813 0.000117207 0.000119486 0.000121647 0.000123687 0.000125606 0.0001274 0.000129069 0.000130611 0.000132023 0.000133305 0.000134456 0.000135474 0.000136358 0.000137108 0.000137723 0.000138201 0.000138543 0.000138749 0.000138817 0.000138749 0.000138543 0.000138201 0.000137723 0.000137108 0.000136358 0.000135474 0.000134456 0.000133305 0.000132023 0.000130611 0.000129069 0.0001274 0.000125606 0.000123687 0.000121647 0.000119486 0.000117207 0.000114813 0.000112306 0.000109687 0.000106961 0.000104128 0.000101193 9.81587e-05 9.5027e-05 9.18015e-05 8.84855e-05 8.50821e-05 8.15948e-05 7.80269e-05 7.4382e-05 7.06638e-05 6.68758e-05 6.30217e-05 5.91055e-05 5.5131e-05 5.11021e-05 4.70227e-05 4.28969e-05 3.87288e-05 3.45225e-05 3.02821e-05 2.60118e-05 2.17158e-05 1.73984e-05 1.30639e-05 8.71641e-06 4.36036e-06 0 

0 1.62519e-06 3.24878e-06 4.86916e-06 6.48474e-06 8.09392e-06 9.69511e-06 1.12867e-05 1.28672e-05 1.4435e-05 1.59885e-05 1.75263e-05 1.90468e-05 2.05484e-05 2.20298e-05 2.34895e-05 2.49259e-05 2.63378e-05 2.77237e-05 2.90822e-05 3.0412e-05 3.17118e-05 3.29803e-05 3.42163e-05 3.54185e-05 3.65857e-05 3.77168e-05 3.88107e-05 3.98663e-05 4.08826e-05 4.18585e-05 4.27931e-05 4.36855e-05 4.45348e-05 4.53401e-05 4.61007e-05 4.68157e-05 4.74846e-05 4.81066e-05 4.86812e-05 4.92076e-05 4.96856e-05 5.01145e-05 5.04939e-05 5.08235e-05 5.1103e-05 5.1332e-05 5.15104e-05 5.16379e-05 5.17145e-05 5.174e-05 5.17145e-05 5.16379e-05 5.15104e-05 5.1332e-05 5.1103e-05 5.08235e-05 5.04939e-05 5.01145e-05 4.96856e-05 4.92076e-05 4.86812e-05 4.81066e-05 4.74846e-05 4.68157e-05 4.61007e-05 4.53401e-05 4.45348e-05 4.36855e-05 4.27931e-05 4.18585e-05 4.08826e-05 3.98663e-05 3.88107e-05 3.77168e-05 3.65857e-05 3.54185e-05 3.42163e-05 3.29803e-05 3.17118e-05 3.0412e-05 2.90822e-05 2.77237e-05 2.63378e-05 2.49259e-05 2.34895e-05 2.20298e-05 2.05484e-05 1.90468e-05 1.75263e-05 1.59885e-05 1.4435e-05 1.28672e-05 1.12867e-05 9.69511e-06 8.09392e-06 6.48474e-06 4.86916e-06 3.24878e-06 1.62519e-06 0 

